0 0 0 658 1669
0 -7 0 656 1668
0 2 0 656 1667
0 4 0 657 1661
0 -11 0 662 1669
0 -1 0 656 1663
0 -10 0 657 1669
0 0 0 659 1668
0 -7 0 658 1667
0 -1 0 659 1671
0 1 0 658 1668
0 -2 0 657 1667
0 -2 0 656 1668
0 -2 0 660 1670
0 -1 0 655 1666
0 -5 0 659 1668
0 -9 0 660 1671
0 -1 0 655 1665
0 0 0 660 1669
0 0 0 653 1666
0 -4 0 658 1672
0 0 0 657 1667
0 -2 0 662 1671
0 -2 0 659 1670
0 0 0 659 1671
0 -5 0 658 1671
0 0 0 657 1669
0 -4 0 659 1668
0 -2 0 657 1666
0 -1 0 664 1668
0 -9 0 656 1664
0 -3 0 656 1667
0 -2 0 655 1666
0 -5 0 660 1668
0 1 0 656 1664
0 -9 0 658 1667
0 -2 0 654 1670
0 -1 0 657 1671
0 -9 0 658 1671
0 -1 0 659 1667
0 -1 0 659 1667
0 -5 0 659 1670
0 0 0 656 1670
0 0 0 658 1669
0 -4 0 662 1669
-1 -4 0 656 1668
-1 -5 0 661 1669
-1 -2 0 658 1666
-1 -6 0 661 1670
-1 5 0 661 1671
-1 -4 0 690 1673
-1 -2 0 689 1668
-1 0 0 659 1671
-1 0 0 657 1667
-1 -4 0 657 1666
-1 0 0 658 1669
-1 -5 0 657 1673
-1 0 0 660 1670
-1 -2 0 657 1664
-1 -4 0 666 1669
-1 4 0 654 1666
-1 2 0 660 1669
-1 -5 0 658 1674
-1 -1 0 657 1668
-1 0 0 660 1668
-1 -3 0 661 1668
-1 0 0 658 1669
-1 0 0 659 1671
-1 -4 0 661 1668
-1 -3 0 660 1669
-1 -1 0 656 1667
-1 0 0 665 1668
-1 1 0 660 1670
-1 5 0 659 1668
-1 -5 0 657 1669
-1 0 0 660 1672
-1 1 0 657 1666
-1 -1 0 659 1671
-1 -3 0 661 1669
-1 -4 0 658 1669
-1 0 0 655 1667
-1 0 0 659 1671
-1 0 0 660 1670
-1 2 0 660 1672
-1 3 0 658 1669
-1 -4 0 659 1671
-1 0 0 658 1669
-1 -1 0 664 1670
-1 0 0 657 1667
-1 -4 0 658 1669
-1 -6 0 658 1664
-1 0 0 646 1670
-1 -3 0 657 1667
-1 0 0 658 1671
-1 3 0 655 1669
-1 -4 0 661 1671
-1 -6 0 661 1672
-1 4 0 659 1669
-1 0 0 659 1670
-1 -2 0 656 1668
-1 -2 0 662 1670
-1 0 0 658 1669
-1 0 0 656 1668
-1 -5 0 659 1668
-1 3 0 660 1671
-2 -6 0 662 1672
-2 2 0 660 1665
-2 2 0 661 1671
-2 -3 0 656 1669
-2 -5 0 659 1668
-2 -2 0 655 1663
-2 -2 0 662 1672
-2 2 0 657 1668
-2 1 0 658 1670
-2 -12 0 659 1670
-2 -4 0 659 1711
-2 2 0 659 1710
-2 -5 0 659 1706
-2 -3 0 663 1710
-2 5 0 655 1666
-2 -5 0 649 1666
-2 -2 0 659 1669
-2 0 0 659 1672
-2 0 0 666 1670
-2 0 0 658 1659
-2 4 0 658 1667
-2 0 0 655 1665
-2 -3 0 659 1669
-2 0 0 654 1664
-2 1 0 660 1671
-2 -4 0 657 1667
-2 2 0 655 1670
-2 -5 0 661 1669
-2 -1 0 658 1666
-2 -3 0 658 1669
-2 -7 0 655 1664
-2 0 0 658 1666
-2 -3 0 658 1667
-2 2 0 658 1670
-2 -5 0 660 1667
-2 -2 0 654 1665
-2 -2 0 661 1671
-2 -3 0 651 1669
-2 0 0 657 1667
-2 0 0 659 1670
-2 0 0 657 1677
-2 0 0 655 1668
-2 -4 0 654 1665
-2 0 0 660 1668
-2 2 0 655 1667
-2 11 0 642 1666
-2 7 0 664 1671
-2 -2 0 657 1669
-2 -5 0 658 1669
-2 3 0 657 1667
-2 -5 0 655 1667
-2 0 0 659 1669
-2 0 0 660 1669
-2 -5 0 660 1671
-2 -3 0 656 1669
-2 -3 0 661 1672
-2 -4 0 659 1669
-2 0 0 654 1666
-2 2 0 653 1667
-2 0 0 655 1665
-2 0 0 655 1668
-2 -3 0 657 1667
-2 -1 0 656 1664
-2 -2 0 663 1672
-2 -1 0 657 1665
-2 1 0 659 1667
-2 -3 0 658 1668
-2 -5 0 656 1667
-2 0 0 656 1667
-2 0 0 655 1663
-2 -1 0 659 1666
-2 0 0 656 1662
-2 -4 0 660 1669
-2 -10 0 658 1670
-2 3 0 656 1666
-2 0 0 661 1671
-2 -3 0 656 1662
-2 -14 0 660 1669
-2 0 0 660 1668
-2 3 0 656 1668
-2 -4 0 656 1664
-2 10 0 657 1668
-2 1 0 659 1669
-2 -2 0 663 1676
-2 1 0 654 1665
-2 -6 0 659 1667
-2 5 0 657 1666
-2 -1 0 656 1667
-2 0 0 658 1671
-2 9 0 655 1663
-2 6 0 656 1664
-2 3 0 659 1670
-2 8 0 624 1662
-2 24 0 650 1670
-2 34 0 669 1670
-1 38 0 663 1636
-1 53 0 666 1660
0 74 0 631 1661
0 73 0 665 1681
0 70 -1 673 1682
0 48 -2 664 1684
1 33 -2 657 1687
1 44 -3 641 1670
2 55 -5 624 1669
2 86 -6 619 1671
3 113 -7 614 1666
4 154 -9 609 1670
6 196 -12 606 1671
8 230 -15 646 1671
11 275 -19 663 1674
13 307 -23 673 1676
17 321 -27 700 1676
20 329 -31 679 1669
23 330 -36 700 1680
26 311 -39 686 1679
29 299 -43 715 1681
31 285 -47 702 1674
34 279 -51 677 1683
37 281 -54 700 1686
40 294 -58 689 1682
42 297 -62 694 1683
45 299 -66 696 1683
48 307 -70 711 1688
51 311 -75 723 1675
54 332 -80 702 1670
57 324 -86 714 1694
61 334 -92 714 1703
64 328 -96 710 1701
67 339 -100 703 1685
70 349 -105 710 1688
74 355 -111 737 1691
77 378 -116 736 1689
81 369 -121 740 1703
84 363 -127 742 1697
88 362 -132 758 1691
92 356 -138 770 1690
95 355 -144 767 1697
98 339 -149 775 1716
102 327 -154 764 1717
105 310 -158 782 1706
108 295 -162 789 1703
111 288 -166 786 1710
113 279 -170 784 1708
116 258 -174 793 1713
118 249 -177 793 1705
121 242 -181 797 1713
123 232 -184 801 1710
125 219 -186 792 1713
127 217 -190 792 1711
129 207 -192 796 1714
131 207 -195 808 1716
133 196 -198 812 1712
135 182 -200 825 1716
137 158 -202 832 1713
138 140 -204 834 1721
139 115 -205 836 1716
140 88 -206 839 1708
141 63 -207 838 1719
141 40 -208 832 1720
142 22 -208 830 1714
142 17 -209 830 1708
142 5 -209 831 1711
142 -12 -210 822 1714
142 -31 -210 818 1714
141 -40 -211 814 1714
141 -46 -211 794 1716
141 -39 -211 791 1724
140 -30 -211 788 1717
140 -23 -211 793 1720
140 -26 -211 809 1718
139 -36 -211 811 1715
139 -40 -211 813 1757
138 -55 -211 812 1761
138 -59 -211 801 1762
137 -52 -211 808 1717
137 -54 -211 794 1718
136 -50 -211 793 1715
136 -48 -211 788 1714
135 -40 -211 781 1717
135 -23 -211 770 1713
135 -5 -211 772 1711
135 13 -211 774 1717
135 23 -211 771 1711
136 44 -211 778 1716
136 54 -211 782 1715
137 63 -211 784 1717
137 73 -211 776 1713
138 89 -212 779 1716
139 105 -213 771 1713
140 125 -215 774 1715
142 147 -217 772 1714
143 167 -219 775 1714
145 187 -222 794 1718
147 209 -224 786 1714
149 218 -227 796 1720
151 231 -231 798 1715
153 242 -234 799 1718
156 259 -237 796 1716
158 264 -241 808 1718
161 277 -245 804 1720
164 288 -249 805 1719
167 310 -253 810 1718
169 324 -258 816 1722
173 337 -262 813 1717
176 345 -267 814 1716
180 354 -272 832 1720
183 371 -277 824 1717
187 374 -282 834 1720
191 385 -287 844 1723
194 388 -292 848 1719
198 395 -299 853 1724
202 399 -304 842 1722
206 415 -309 857 1725
210 421 -315 863 1727
215 436 -322 870 1730
219 437 -328 871 1726
223 447 -334 885 1727
228 449 -340 885 1728
232 449 -346 892 1729
237 458 -353 893 1729
242 463 -359 901 1728
246 463 -365 903 1723
250 473 -372 919 1740
255 471 -379 925 1732
260 472 -385 927 1727
265 467 -392 935 1732
269 467 -398 929 1732
274 480 -404 927 1729
278 482 -411 932 1727
283 492 -418 944 1730
288 496 -425 957 1726
293 489 -431 976 1727
298 484 -438 986 1724
302 462 -444 991 1727
307 450 -451 1003 1730
311 433 -456 998 1731
315 423 -462 984 1728
320 415 -468 994 1729
324 421 -474 984 1722
328 420 -480 1006 1721
332 426 -486 1003 1725
336 410 -491 1017 1731
340 400 -497 1031 1732
344 389 -502 1038 1730
348 370 -507 1035 1734
352 369 -513 1037 1729
355 357 -517 1037 1729
359 350 -522 1044 1725
362 338 -526 1046 1728
365 326 -531 1058 1729
368 315 -535 1054 1727
371 311 -540 1057 1730
375 300 -544 1061 1729
377 293 -548 1055 1731
380 282 -552 1063 1725
383 290 -555 1057 1727
386 291 -559 1038 1722
389 304 -564 1061 1722
392 296 -568 1064 1722
395 298 -572 1081 1727
398 287 -576 1083 1722
401 278 -580 1087 1724
403 266 -583 1082 1720
406 265 -587 1139 1723
409 261 -591 1122 1719
411 256 -594 1127 1720
413 246 -598 1106 1723
416 239 -601 1111 1722
418 234 -604 1096 1718
421 243 -608 1075 1717
423 237 -611 1109 1715
425 234 -614 1127 1722
428 214 -617 1130 1725
430 193 -619 1131 1717
431 183 -622 1118 1707
433 167 -624 1121 1722
435 169 -627 1115 1718
436 175 -629 1099 1714
438 179 -632 1115 1716
440 199 -635 1093 1711
442 247 -638 1024 1716
445 262 -642 1126 1720
448 292 -646 1108 1709
451 272 -649 1140 1713
453 261 -653 1168 1711
455 231 -656 1150 1715
458 214 -658 1169 1711
460 186 -661 1167 1713
461 165 -664 1171 1713
463 151 -665 1162 1711
464 138 -667 1177 1711
465 115 -668 1164 1707
467 115 -670 1146 1708
468 118 -672 1136 1721
469 116 -673 1146 1710
470 124 -675 1166 1706
471 96 -676 1170 1712
472 74 -677 1192 1707
472 52 -677 1196 1710
473 24 -677 1187 1712
473 -5 -677 1188 1708
473 -23 -677 1162 1711
472 -31 -677 1162 1706
472 -40 -677 1154 1705
472 -40 -677 1153 1713
471 -41 -677 1153 1708
471 -51 -677 1157 1707
470 -59 -677 1169 1710
470 -65 -677 1173 1711
469 -92 -677 1171 1714
468 -100 -677 1163 1709
467 -114 -677 1156 1705
466 -130 -677 1156 1708
464 -131 -676 1152 1709
463 -134 -674 1148 1713
462 -149 -673 1153 1712
460 -154 -671 1144 1709
459 -172 -669 1165 1714
457 -177 -667 1155 1712
455 -201 -664 1162 1714
453 -224 -661 1161 1715
450 -242 -658 1160 1711
448 -254 -654 1147 1717
445 -274 -650 1147 1715
442 -295 -647 1146 1763
439 -310 -642 1148 1763
437 -325 -638 1134 1761
433 -341 -633 1134 1718
430 -360 -628 1133 1717
426 -374 -623 1109 1720
422 -392 -618 1120 1720
418 -402 -613 1113 1719
414 -415 -607 1109 1721
410 -430 -600 1103 1725
405 -444 -595 1104 1722
401 -459 -588 1079 1722
396 -460 -582 1075 1717
392 -464 -576 1076 1723
387 -461 -569 1068 1721
383 -467 -563 1059 1722
378 -468 -557 1069 1726
373 -479 -550 1056 1720
369 -488 -544 1053 1728
364 -493 -537 1044 1724
359 -495 -530 1048 1724
354 -511 -523 1036 1725
348 -524 -516 1032 1722
343 -528 -508 1039 1729
338 -541 -500 1022 1726
332 -551 -493 1019 1728
327 -550 -485 1011 1729
321 -568 -477 1005 1726
315 -574 -470 999 1728
310 -583 -461 991 1727
304 -576 -453 981 1725
298 -582 -445 976 1733
292 -584 -437 963 1724
287 -604 -429 961 1725
281 -593 -421 948 1721
275 -591 -413 939 1726
269 -590 -405 932 1722
263 -587 -397 928 1727
257 -582 -388 916 1722
251 -579 -380 917 1727
246 -574 -373 906 1725
240 -570 -366 895 1727
235 -553 -358 884 1723
229 -540 -351 881 1723
224 -536 -343 874 1723
219 -523 -336 869 1722
213 -513 -329 863 1720
208 -495 -323 856 1722
204 -487 -316 846 1721
199 -468 -310 849 1721
195 -455 -303 851 1724
190 -460 -297 853 1719
185 -455 -291 848 1722
181 -450 -284 833 1718
176 -436 -278 815 1719
172 -425 -273 821 1721
168 -409 -268 809 1720
164 -395 -263 808 1717
161 -379 -258 813 1720
157 -372 -253 815 1720
153 -359 -247 816 1716
149 -367 -242 816 1718
146 -362 -238 802 1715
143 -363 -233 807 1716
139 -361 -228 795 1706
135 -350 -224 785 1714
132 -339 -219 777 1715
129 -325 -215 765 1710
126 -295 -212 755 1710
123 -277 -208 754 1708
120 -255 -204 763 1709
118 -238 -201 766 1711
115 -234 -198 785 1707
113 -230 -195 778 1710
111 -241 -192 778 1712
109 -236 -189 765 1711
106 -234 -185 768 1706
104 -223 -182 755 1709
102 -209 -180 754 1706
100 -204 -177 769 1701
98 -202 -175 767 1706
96 -207 -172 774 1706
94 -222 -169 771 1697
92 -229 -166 767 1706
89 -240 -162 754 1706
87 -236 -159 739 1698
85 -225 -157 737 1705
83 -220 -154 740 1700
81 -205 -151 743 1700
79 -209 -148 753 1699
77 -215 -145 757 1703
75 -226 -142 794 1697
72 -234 -139 786 1697
70 -242 -135 769 1696
67 -235 -132 711 1695
65 -216 -130 705 1699
63 -195 -127 707 1698
61 -182 -125 709 1699
60 -180 -123 718 1695
58 -170 -121 729 1695
56 -178 -118 725 1692
55 -174 -116 716 1693
53 -181 -114 712 1694
51 -161 -112 698 1687
50 -155 -109 706 1688
48 -144 -108 709 1694
47 -152 -106 713 1687
45 -154 -104 723 1688
44 -167 -102 725 1691
42 -173 -99 725 1693
40 -186 -97 711 1686
39 -184 -94 715 1688
37 -195 -92 713 1686
35 -192 -89 708 1683
33 -212 -86 708 1685
31 -210 -83 704 1695
29 -207 -81 693 1680
27 -214 -77 691 1683
25 -214 -75 690 1684
23 -210 -72 692 1679
21 -216 -70 690 1676
19 -214 -67 690 1676
17 -216 -64 678 1677
14 -204 -61 669 1673
13 -199 -58 672 1679
11 -186 -56 664 1675
9 -177 -54 659 1671
7 -174 -52 670 1673
6 -171 -49 677 1678
4 -174 -47 676 1677
2 -166 -46 475 1670
1 -54 -46 618 1661
1 5 -46 677 1669
1 12 -46 648 1677
1 -25 -46 674 1675
1 -23 -46 686 1666
1 0 -46 643 1676
1 0 -46 657 1674
1 3 -46 680 1664
1 -5 -46 665 1675
1 -3 -46 677 1674
1 -6 -46 661 1673
1 0 -46 666 1674
1 3 -46 671 1673
1 0 -46 673 1673
1 5 -46 666 1677
1 7 -46 664 1672
1 9 -46 666 1665
1 16 -46 672 1676
1 3 -46 668 1668
1 7 -46 660 1671
1 10 -46 667 1674
1 18 -46 673 1671
1 14 -46 669 1672
2 13 -46 664 1711
2 21 -46 655 1720
2 25 -46 627 1719
2 61 -46 617 1717
3 92 -46 618 1670
4 138 -46 632 1677
6 150 -46 656 1674
7 166 -46 665 1673
9 172 -46 663 1671
10 172 -48 659 1665
12 186 -51 650 1684
14 216 -53 651 1675
16 232 -56 652 1672
18 255 -59 658 1677
21 262 -63 672 1681
23 280 -66 673 1678
26 299 -70 669 1678
29 311 -74 663 1683
32 340 -79 663 1683
36 363 -84 657 1681
39 395 -89 664 1681
44 428 -95 682 1689
48 449 -102 689 1684
52 455 -107 700 1685
57 465 -114 708 1689
61 472 -120 711 1691
66 484 -127 702 1689
71 507 -134 710 1693
76 526 -141 714 1705
81 544 -149 721 1694
87 552 -157 747 1695
92 558 -164 764 1699
98 561 -172 772 1702
103 552 -178 782 1699
108 547 -186 785 1707
114 528 -193 774 1703
119 542 -201 777 1706
125 542 -209 792 1708
130 540 -215 808 1709
135 536 -222 818 1708
140 518 -230 826 1714
145 508 -237 830 1716
150 496 -244 826 1712
155 491 -250 824 1715
160 490 -257 824 1716
165 491 -264 838 1714
170 491 -270 844 1721
174 491 -277 857 1721
179 478 -283 862 1722
184 456 -290 868 1720
188 445 -296 873 1721
193 448 -302 867 1726
197 453 -308 857 1720
202 456 -314 857 1721
206 467 -320 851 1727
211 486 -327 862 1725
215 497 -334 865 1722
220 513 -342 873 1723
226 527 -348 890 1726
231 524 -356 889 1721
236 529 -363 908 1728
241 527 -370 909 1728
246 532 -378 921 1726
252 531 -384 920 1723
257 525 -392 930 1729
262 528 -400 926 1726
267 531 -407 946 1727
272 534 -414 949 1727
278 531 -421 959 1730
283 525 -428 969 1727
288 507 -435 983 1729
293 490 -442 998 1724
298 466 -448 1007 1730
302 442 -454 1016 1731
306 417 -460 1022 1729
310 390 -465 1036 1726
314 350 -470 1048 1730
317 305 -473 1054 1733
320 258 -476 1066 1730
322 207 -479 1074 1732
324 160 -481 1082 1734
325 112 -482 1086 1734
326 54 -483 1090 1735
326 -10 -483 1089 1733
326 -55 -483 1082 1734
325 -119 -483 1080 1732
324 -162 -483 1079 1733
322 -222 -483 1075 1736
319 -271 -482 1062 1733
316 -313 -478 1058 1732
313 -353 -473 1043 1731
309 -388 -468 1039 1733
305 -430 -462 1030 1730
301 -447 -457 1062 1727
297 -480 -450 1056 1732
292 -505 -443 1036 1727
286 -531 -436 988 1726
281 -544 -428 973 1727
276 -552 -421 960 1726
270 -558 -413 942 1726
264 -553 -406 928 1722
259 -542 -398 918 1726
254 -532 -391 902 1719
249 -518 -385 890 1725
244 -490 -378 878 1725
239 -457 -373 863 1720
235 -423 -367 849 1733
231 -391 -362 836 1729
227 -338 -358 829 1725
224 -290 -355 813 1725
222 -233 -351 820 1729
220 -176 -350 812 1724
218 -134 -348 818 1727
217 -85 -347 830 1730
216 -45 -347 827 1730
216 0 -347 828 1726
217 39 -347 829 1726
217 79 -347 827 1728
218 120 -347 835 1732
219 158 -347 839 1726
221 188 -347 854 1732
223 208 -347 870 1730
225 228 -349 875 1735
227 239 -352 861 1725
230 254 -355 878 1732
233 275 -359 881 1731
235 287 -362 889 1730
238 305 -366 897 1727
241 306 -370 911 1731
244 299 -375 936 1733
247 291 -378 941 1727
250 274 -382 954 1732
252 242 -385 961 1732
254 218 -387 968 1732
256 202 -389 966 1733
258 167 -392 978 1735
260 140 -394 976 1734
261 113 -395 980 1734
262 79 -396 985 1734
262 42 -396 988 1733
263 11 -396 981 1731
262 -22 -396 978 1731
262 -49 -396 980 1738
261 -74 -396 972 1737
261 -101 -396 973 1735
260 -124 -396 966 1732
258 -147 -396 964 1733
257 -164 -396 963 1735
255 -185 -396 950 1732
253 -194 -394 944 1733
251 -196 -391 932 1730
249 -204 -388 933 1735
247 -213 -386 929 1731
245 -213 -383 916 1738
243 -210 -380 914 1775
241 -207 -378 911 1775
239 -202 -375 899 1769
237 -193 -373 899 1774
235 -180 -371 891 1728
233 -172 -369 887 1735
232 -153 -367 878 1713
230 -131 -366 873 1730
229 -115 -364 869 1734
228 -83 -364 860 1727
227 -56 -362 862 1728
227 -34 -362 861 1728
227 -3 -362 878 1732
227 16 -362 878 1734
227 27 -362 880 1727
227 45 -362 881 1730
228 51 -362 885 1732
228 63 -362 884 1729
229 74 -362 885 1729
230 82 -362 898 1732
231 91 -362 898 1732
232 83 -362 907 1725
232 86 -362 908 1735
233 81 -362 908 1733
234 77 -362 913 1732
235 78 -362 912 1732
235 78 -362 915 1730
236 70 -364 915 1736
237 65 -364 916 1729
237 66 -365 917 1733
238 62 -365 918 1732
239 46 -366 921 1730
239 56 -366 933 1731
240 51 -366 941 1736
240 22 -366 936 1732
240 4 -366 939 1733
240 -18 -366 934 1733
240 -25 -366 939 1731
240 -44 -366 932 1732
239 -55 -366 938 1732
239 -71 -366 939 1734
238 -90 -366 931 1735
237 -107 -366 929 1729
236 -114 -366 918 1729
235 -121 -366 919 1737
234 -117 -366 914 1734
232 -119 -366 901 1728
231 -118 -366 897 1730
230 -109 -365 897 1734
229 -97 -364 889 1728
228 -89 -362 891 1729
227 -86 -362 884 1727
226 -76 -361 882 1738
226 -61 -360 870 1729
225 -50 -360 872 1728
225 -40 -360 872 1727
225 -12 -360 877 1729
225 6 -360 881 1730
225 15 -360 883 1729
225 31 -360 886 1730
225 36 -360 885 1737
226 50 -360 885 1730
226 55 -360 885 1728
227 63 -360 891 1729
228 67 -360 899 1731
228 74 -360 901 1733
229 73 -360 898 1727
230 70 -360 901 1728
230 76 -360 906 1731
231 72 -360 906 1731
232 76 -360 909 1727
232 73 -360 909 1729
233 62 -360 914 1725
234 64 -360 923 1737
234 55 -360 919 1734
235 48 -361 919 1729
235 37 -361 922 1732
235 20 -361 929 1734
235 11 -361 934 1734
235 -2 -361 924 1730
235 -17 -361 930 1731
235 -24 -361 930 1734
235 -46 -361 932 1734
234 -51 -361 929 1738
234 -67 -361 926 1735
233 -81 -361 928 1735
232 -95 -361 920 1733
231 -100 -361 911 1729
230 -106 -361 909 1725
229 -101 -361 911 1731
228 -98 -361 901 1730
227 -109 -361 897 1729
226 -106 -360 894 1722
225 -98 -359 886 1731
224 -91 -358 923 1730
223 -74 -357 923 1727
223 -71 -357 919 1730
222 -58 -356 923 1733
222 -45 -356 873 1728
221 -27 -355 872 1728
221 -11 -355 873 1731
221 0 -355 879 1734
221 16 -355 883 1731
221 22 -356 883 1729
222 29 -356 877 1731
222 42 -356 884 1728
222 54 -356 884 1730
223 59 -356 872 1727
224 67 -356 877 1731
224 69 -356 895 1735
225 75 -356 897 1734
226 69 -356 895 1726
226 79 -356 895 1729
227 87 -356 896 1731
228 82 -356 905 1732
229 87 -356 906 1735
230 76 -356 912 1730
230 78 -356 913 1730
231 61 -357 923 1733
232 60 -357 916 1732
232 51 -358 911 1731
233 42 -359 925 1732
233 44 -359 927 1734
233 25 -359 931 1726
233 4 -359 933 1733
233 -7 -359 927 1734
233 -22 -359 927 1735
233 -28 -359 924 1732
233 -41 -359 922 1734
232 -51 -359 916 1731
232 -63 -359 919 1732
231 -63 -359 912 1732
231 -64 -359 909 1729
230 -63 -359 904 1732
229 -66 -359 904 1733
229 -63 -359 904 1732
228 -65 -359 897 1723
227 -58 -359 898 1730
227 -51 -359 892 1734
226 -46 -359 889 1731
226 -39 -359 889 1729
226 -29 -359 887 1731
225 -26 -359 881 1732
225 -13 -359 890 1727
225 -7 -359 891 1730
225 0 -359 885 1727
225 2 -359 895 1731
225 12 -359 892 1744
225 18 -359 891 1730
226 23 -359 891 1729
226 26 -359 891 1732
226 41 -359 896 1734
227 46 -359 896 1735
227 51 -359 894 1730
228 52 -359 897 1731
228 63 -359 896 1732
229 63 -359 902 1733
230 67 -359 901 1774
230 69 -359 903 1778
231 68 -359 907 1773
232 68 -359 913 1736
232 68 -359 912 1730
233 56 -360 920 1730
233 51 -360 922 1729
234 42 -360 924 1734
234 32 -361 923 1735
234 23 -361 923 1730
234 13 -361 922 1731
234 -1 -361 924 1732
234 -2 -361 924 1735
234 -11 -361 924 1734
234 -20 -361 910 1729
234 -32 -361 921 1732
234 -34 -361 930 1735
233 -48 -361 927 1735
233 -59 -361 922 1731
232 -73 -361 919 1730
231 -76 -361 918 1731
231 -80 -361 917 1734
230 -93 -361 908 1729
229 -92 -361 905 1731
228 -95 -361 901 1730
227 -90 -361 901 1733
226 -87 -361 895 1729
225 -81 -360 890 1729
225 -66 -360 881 1729
224 -59 -359 884 1730
223 -51 -359 887 1731
223 -36 -358 888 1732
223 -21 -358 881 1726
223 -17 -358 880 1732
222 7 -358 873 1733
223 7 -358 879 1732
223 22 -358 878 1728
223 29 -358 885 1733
223 46 -358 888 1727
224 53 -358 888 1734
224 51 -358 893 1732
225 57 -358 898 1728
225 67 -358 894 1729
226 61 -358 895 1733
227 63 -358 903 1736
227 62 -358 899 1733
228 62 -358 906 1728
228 67 -358 907 1737
229 59 -358 909 1732
229 52 -358 913 1732
230 51 -358 908 1733
230 46 -358 911 1728
231 40 -358 914 1730
231 31 -358 922 1732
231 25 -358 925 1736
231 9 -358 918 1727
231 2 -358 922 1736
231 -6 -358 918 1731
231 -14 -358 922 1735
231 -20 -358 921 1731
231 -28 -358 921 1728
231 -43 -358 922 1731
230 -52 -358 923 1735
230 -54 -358 920 1732
229 -69 -358 917 1731
228 -78 -358 912 1729
228 -78 -358 903 1725
227 -86 -358 908 1730
226 -91 -358 903 1732
225 -86 -358 900 1728
224 -86 -358 899 1731
223 -91 -358 891 1734
223 -85 -358 895 1732
222 -75 -357 882 1736
221 -70 -356 882 1729
221 -61 -356 887 1733
220 -40 -355 876 1732
220 -38 -355 875 1730
219 -22 -355 876 1728
219 -9 -355 871 1731
219 13 -355 880 1731
219 19 -355 879 1731
220 34 -355 880 1732
220 42 -355 879 1729
220 52 -355 877 1736
221 62 -355 883 1730
222 70 -355 893 1735
222 74 -355 893 1729
223 74 -355 898 1730
224 81 -355 900 1732
225 75 -355 899 1729
225 79 -355 903 1733
226 79 -355 909 1737
227 73 -355 911 1728
228 63 -355 960 1731
228 54 -355 961 1728
229 40 -355 967 1733
229 28 -356 925 1732
229 15 -356 921 1730
229 5 -356 926 1735
229 -3 -356 921 1732
229 -16 -356 924 1732
229 -19 -356 924 1736
229 -36 -356 920 1720
228 -51 -356 922 1733
228 -61 -356 920 1733
227 -67 -356 920 1735
226 -76 -356 909 1731
226 -73 -356 909 1728
225 -82 -356 902 1729
224 -87 -356 902 1736
223 -81 -356 898 1732
222 -79 -356 893 1731
222 -70 -356 886 1727
221 -69 -356 890 1727
220 -60 -356 884 1729
220 -46 -355 888 1734
220 -38 -355 881 1728
219 -33 -355 883 1729
219 -22 -355 883 1731
219 -12 -355 876 1732
219 -8 -355 879 1730
219 5 -355 882 1729
219 9 -355 878 1732
219 19 -355 886 1736
219 31 -355 884 1731
220 40 -355 885 1733
220 53 -355 876 1729
221 69 -355 883 1735
221 63 -355 889 1732
222 74 -355 891 1731
223 83 -355 890 1731
223 84 -355 895 1729
224 84 -355 904 1732
225 80 -355 909 1731
226 74 -355 915 1731
226 62 -355 913 1732
227 61 -355 915 1729
227 50 -355 917 1734
228 40 -355 917 1732
228 28 -355 918 1734
228 26 -355 918 1731
229 17 -356 917 1728
229 0 -356 923 1733
229 -12 -356 923 1733
228 -20 -355 923 1732
228 -30 -355 924 1731
228 -48 -355 925 1730
227 -64 -355 925 1735
227 -70 -355 917 1736
226 -85 -355 910 1729
225 -86 -355 911 1732
224 -86 -355 904 1731
223 -94 -355 899 1732
222 -87 -355 891 1728
222 -86 -355 886 1726
221 -74 -355 885 1725
220 -68 -355 880 1779
220 -47 -355 871 1773
219 -23 -355 862 1769
219 -11 -355 869 1728
219 17 -355 873 1733
219 25 -355 865 1729
220 46 -355 871 1729
220 65 -355 876 1726
221 81 -355 880 1730
222 89 -355 892 1733
222 80 -355 909 1732
223 70 -355 923 1732
224 63 -355 928 1731
224 36 -355 931 1735
225 23 -355 929 1732
225 0 -355 932 1732
225 -14 -355 928 1732
224 -34 -355 920 1731
224 -43 -355 916 1733
224 -46 -355 912 1732
223 -54 -355 911 1736
223 -53 -355 908 1728
222 -59 -355 903 1733
221 -53 -355 897 1731
221 -69 -355 895 1731
220 -52 -355 885 1730
220 -43 -355 877 1730
219 -28 -355 872 1729
219 -14 -355 869 1730
219 5 -355 872 1731
219 23 -355 868 1728
220 50 -355 867 1728
220 71 -355 852 1730
221 82 -355 879 1732
222 90 -355 883 1727
223 96 -355 888 1730
224 95 -355 906 1730
225 96 -355 919 1733
225 82 -355 934 1733
226 57 -355 941 1733
227 33 -355 938 1730
227 2 -355 944 1731
227 -28 -355 946 1735
226 -50 -355 936 1733
226 -68 -355 933 1733
225 -91 -355 925 1731
224 -104 -355 919 1733
223 -109 -355 910 1733
222 -115 -355 903 1729
220 -115 -355 891 1729
219 -108 -355 873 1726
219 -89 -355 872 1731
218 -67 -353 854 1730
217 -34 -353 853 1727
217 -4 -353 862 1728
217 22 -353 849 1731
218 53 -353 853 1731
218 81 -353 853 1729
219 104 -353 853 1725
220 132 -353 866 1722
222 143 -353 880 1730
223 160 -353 901 1734
225 152 -354 918 1728
226 142 -355 928 1725
227 115 -356 949 1734
228 75 -357 958 1735
229 56 -357 956 1732
229 19 -357 955 1733
229 -17 -357 952 1731
229 -39 -357 947 1733
228 -66 -357 940 1728
227 -86 -357 939 1736
227 -103 -357 925 1728
225 -121 -357 913 1730
224 -121 -357 904 1732
223 -110 -357 886 1729
222 -98 -357 885 1729
221 -83 -357 861 1724
220 -56 -357 856 1728
220 -25 -357 854 1731
220 11 -357 847 1728
220 45 -357 842 1725
221 80 -357 845 1727
222 126 -357 849 1732
223 148 -357 858 1733
225 178 -357 873 1730
227 188 -357 889 1729
228 186 -359 910 1729
230 178 -361 948 1736
232 148 -363 964 1732
233 99 -364 977 1730
234 55 -364 988 1730
234 5 -364 993 1733
234 -54 -364 991 1734
233 -113 -364 1028 1733
232 -152 -364 1013 1734
230 -190 -364 996 1730
228 -222 -364 933 1729
225 -236 -362 913 1733
223 -234 -360 897 1730
221 -225 -357 880 1730
219 -206 -355 861 1723
217 -180 -352 850 1730
215 -144 -351 836 1731
214 -98 -350 815 1725
213 -41 -350 812 1724
213 11 -350 813 1730
214 68 -350 820 1729
215 114 -350 830 1730
216 148 -350 842 1729
217 179 -350 862 1730
219 203 -350 879 1724
221 203 -351 912 1731
223 191 -353 928 1732
225 167 -355 945 1736
227 138 -356 958 1731
228 102 -357 967 1734
228 54 -357 971 1733
229 5 -357 976 1737
228 -34 -357 969 1732
228 -76 -357 950 1732
227 -101 -357 940 1728
226 -124 -357 926 1733
224 -140 -357 914 1732
223 -133 -357 894 1733
222 -136 -357 893 1734
221 -118 -357 865 1727
220 -91 -357 860 1727
219 -57 -357 849 1726
218 -20 -357 840 1735
218 21 -357 836 1728
219 69 -357 824 1724
220 106 -357 826 1729
221 165 -357 833 1729
223 207 -357 844 1729
225 230 -357 877 1733
228 242 -360 915 1730
230 232 -362 943 1729
232 197 -365 962 1731
234 161 -366 993 1737
235 101 -368 1004 1737
235 39 -368 1005 1737
235 -26 -368 1000 1735
235 -85 -368 989 1733
234 -127 -368 979 1736
232 -169 -368 962 1733
230 -196 -368 928 1732
229 -213 -368 925 1729
226 -221 -366 903 1731
224 -203 -364 879 1731
223 -191 -361 862 1726
221 -164 -359 845 1723
219 -113 -358 827 1723
219 -51 -358 809 1730
219 8 -358 804 1728
219 81 -358 798 1727
220 132 -358 808 1771
222 195 -358 828 1769
224 232 -358 859 1775
226 260 -359 888 1735
229 259 -362 923 1730
231 242 -365 947 1722
233 208 -368 973 1732
235 161 -369 995 1736
236 101 -370 1010 1725
237 31 -370 1017 1733
237 -36 -370 1008 1736
236 -98 -370 992 1731
235 -146 -370 978 1729
233 -181 -370 960 1733
231 -203 -370 941 1733
229 -223 -370 915 1729
227 -224 -368 899 1727
225 -208 -365 881 1727
223 -186 -362 866 1731
221 -155 -361 849 1729
220 -115 -360 826 1726
219 -60 -360 811 1728
219 9 -360 804 1727
219 70 -360 804 1730
220 135 -360 813 1727
222 194 -360 827 1728
224 232 -360 850 1719
226 250 -360 882 1729
229 265 -363 911 1726
231 258 -366 947 1734
234 222 -369 966 1730
236 194 -371 1000 1738
237 124 -372 1016 1733
238 45 -372 1027 1737
238 -27 -372 1023 1736
237 -105 -372 1009 1731
236 -161 -372 985 1730
234 -199 -372 962 1731
232 -222 -372 944 1727
230 -236 -371 920 1733
228 -243 -369 898 1726
226 -224 -366 879 1730
223 -201 -364 862 1731
222 -161 -362 839 1729
220 -117 -361 819 1729
219 -55 -361 808 1731
219 11 -361 805 1726
220 80 -361 797 1727
221 140 -361 815 1732
222 192 -361 837 1730
225 239 -361 866 1727
227 252 -362 906 1726
229 247 -364 934 1732
232 219 -367 966 1733
234 170 -369 988 1732
235 124 -370 1005 1736
236 53 -370 1018 1736
236 -13 -370 1010 1733
235 -86 -370 1005 1726
234 -132 -370 986 1734
233 -191 -370 972 1732
231 -216 -370 946 1735
228 -235 -370 920 1732
226 -227 -368 905 1732
224 -225 -365 882 1732
222 -211 -362 868 1729
220 -177 -360 851 1733
218 -129 -359 825 1728
218 -72 -359 801 1724
217 -18 -359 798 1729
217 65 -359 795 1729
218 136 -359 799 1729
220 196 -359 819 1725
222 248 -359 843 1725
225 271 -360 892 1727
228 271 -363 926 1730
230 247 -366 963 1735
232 209 -368 985 1736
234 155 -370 1010 1731
235 78 -370 1026 1736
235 5 -370 1025 1734
235 -74 -370 1027 1737
234 -140 -370 1011 1739
232 -190 -370 987 1734
230 -237 -370 958 1732
228 -261 -370 921 1729
225 -270 -366 903 1732
223 -258 -364 875 1731
220 -229 -361 858 1731
218 -184 -359 828 1724
216 -132 -357 809 1729
216 -75 -357 790 1728
215 9 -357 789 1727
216 80 -357 818 1727
217 162 -357 825 1726
219 238 -357 848 1724
221 292 -357 834 1727
225 323 -361 876 1728
228 326 -365 917 1727
231 308 -368 952 1723
234 269 -371 988 1730
236 202 -374 1022 1732
238 131 -375 1043 1739
238 29 -375 1059 1739
238 -55 -375 1045 1737
237 -132 -375 1031 1731
236 -207 -375 1014 1736
233 -272 -375 987 1735
230 -308 -373 954 1729
227 -330 -370 934 1733
224 -334 -365 899 1730
221 -315 -361 865 1727
218 -288 -358 841 1731
215 -230 -356 802 1726
213 -166 -354 768 1727
212 -68 -353 757 1728
212 42 -354 750 1721
213 126 -354 762 1725
215 218 -354 798 1727
217 274 -354 836 1729
220 300 -355 888 1727
223 296 -359 927 1730
226 269 -361 977 1736
228 207 -364 1008 1734
229 128 -365 1039 1739
230 27 -365 1047 1738
230 -57 -365 1041 1733
229 -145 -365 1011 1735
227 -209 -365 972 1737
225 -241 -365 937 1732
222 -259 -364 909 1737
220 -240 -362 866 1728
218 -213 -360 837 1727
216 -158 -358 810 1725
215 -87 -357 791 1728
214 -13 -357 784 1729
215 67 -357 781 1729
216 142 -357 787 1727
217 208 -357 810 1721
220 269 -357 841 1727
223 287 -360 902 1725
225 290 -363 940 1737
228 252 -366 981 1734
230 180 -367 1027 1732
232 98 -368 1041 1733
232 9 -368 1042 1734
232 -81 -368 1037 1733
230 -161 -368 1010 1737
228 -216 -368 969 1734
226 -249 -368 927 1727
224 -243 -367 883 1729
221 -224 -365 851 1731
219 -170 -362 820 1725
218 -112 -362 797 1728
217 -39 -362 783 1726
217 45 -362 784 1771
218 126 -362 791 1766
220 190 -362 826 1778
222 222 -362 870 1727
224 241 -362 913 1733
226 221 -364 966 1727
228 173 -366 1013 1733
230 90 -366 1028 1735
230 14 -366 1034 1739
230 -67 -366 1024 1737
229 -138 -366 998 1734
227 -188 -366 969 1732
225 -226 -366 927 1731
223 -229 -366 895 1731
221 -214 -364 861 1729
219 -173 -362 824 1728
217 -104 -361 792 1725
217 -29 -361 777 1728
217 49 -361 766 1727
218 155 -361 770 1729
220 237 -361 794 1728
222 307 -361 827 1723
226 337 -365 881 1727
229 340 -369 935 1727
232 310 -373 978 1734
235 257 -375 1024 1735
237 178 -377 1051 1733
238 78 -378 1065 1734
238 -26 -378 1055 1737
237 -116 -378 1030 1733
236 -182 -378 996 1733
234 -220 -378 961 1735
232 -234 -377 919 1725
230 -233 -376 881 1711
227 -208 -374 852 1731
226 -150 -373 819 1727
225 -74 -373 792 1729
224 11 -373 787 1727
225 98 -373 783 1727
226 171 -373 800 1720
228 234 -373 836 1726
231 276 -373 866 1725
234 292 -375 923 1732
236 272 -378 974 1727
239 219 -380 1020 1736
240 142 -382 1053 1731
241 39 -382 1071 1740
241 -54 -382 1068 1735
240 -158 -382 1048 1738
238 -229 -382 994 1735
235 -266 -382 937 1732
233 -258 -381 888 1730
231 -236 -378 843 1731
229 -154 -377 803 1731
227 -75 -376 786 1730
227 9 -376 786 1728
228 103 -376 795 1725
229 159 -376 829 1729
231 218 -376 867 1729
233 231 -376 919 1732
235 225 -378 980 1732
237 169 -379 1018 1733
238 77 -379 1065 1735
239 -24 -379 1076 1732
238 -131 -379 1060 1738
236 -216 -379 1018 1735
233 -279 -379 952 1731
231 -286 -378 893 1729
228 -243 -375 813 1733
226 -151 -374 739 1724
225 -9 -374 720 1731
226 125 -374 711 1723
228 254 -374 761 1721
231 333 -374 828 1728
234 374 -379 900 1730
238 357 -383 978 1732
241 292 -387 1049 1734
244 192 -388 1100 1736
245 76 -388 1107 1729
245 -53 -388 1084 1736
244 -146 -388 1028 1737
242 -200 -388 959 1732
240 -222 -388 919 1730
238 -196 -388 869 1731
236 -139 -388 802 1734
235 -52 -388 790 1731
235 46 -388 804 1733
236 121 -388 846 1727
238 144 -388 916 1730
239 143 -388 964 1734
240 98 -388 998 1731
241 33 -388 1039 1737
241 -41 -388 1067 1732
240 -107 -388 1042 1732
239 -155 -388 997 1725
237 -169 -388 947 1730
235 -145 -387 858 1728
234 -82 -387 800 1730
234 15 -387 771 1726
235 128 -387 749 1725
236 230 -387 765 1729
239 332 -387 814 1729
243 387 -391 869 1728
247 407 -396 935 1735
251 380 -401 1007 1735
254 311 -405 1085 1733
257 190 -406 1149 1740
258 41 -406 1184 1736
257 -138 -406 1172 1736
255 -287 -406 1143 1737
252 -393 -406 1009 1735
248 -422 -400 938 1728
243 -401 -396 869 1733
240 -345 -391 838 1731
237 -271 -388 829 1727
234 -201 -386 801 1725
233 -113 -385 764 1733
232 -3 -385 748 1731
233 124 -385 763 1729
234 209 -385 795 1733
237 267 -385 886 1728
239 285 -385 935 1727
242 260 -389 972 1734
245 201 -391 1017 1738
246 144 -392 1051 1736
247 54 -392 1063 1736
247 -59 -392 1083 1737
246 -156 -392 1104 1733
244 -264 -392 1071 1736
241 -357 -392 1035 1735
237 -411 -387 960 1729
233 -413 -382 861 1733
229 -335 -378 723 1724
227 -186 -376 665 1730
226 17 -377 657 1724
227 180 -377 676 1727
229 310 -377 788 1727
233 392 -379 875 1732
237 402 -384 936 1726
241 363 -388 996 1730
244 294 -391 1047 1735
246 206 -393 1073 1735
248 104 -393 1094 1740
248 -15 -393 1105 1740
247 -142 -393 1117 1740
245 -270 -393 1096 1730
242 -360 -393 1023 1733
238 -412 -389 925 1732
234 -372 -384 817 1727
231 -270 -382 706 1722
229 -122 -381 679 1729
229 66 -382 682 1719
231 231 -382 688 1726
233 352 -382 744 1724
238 468 -386 800 1775
243 530 -394 850 1769
248 564 -401 933 1776
253 544 -407 1021 1729
258 468 -413 1097 1732
262 327 -416 1173 1740
264 159 -417 1201 1742
265 -23 -417 1203 1739
264 -194 -417 1196 1736
261 -352 -417 1169 1735
257 -494 -414 1078 1731
251 -563 -406 971 1732
246 -540 -399 818 1725
241 -425 -394 671 1723
238 -239 -393 627 1722
237 -2 -393 624 1722
238 191 -393 697 1723
240 297 -393 819 1729
244 366 -394 889 1732
247 356 -398 956 1726
251 313 -402 1022 1729
253 245 -404 1055 1735
255 148 -405 1084 1737
256 35 -405 1096 1746
256 -64 -405 1105 1738
255 -176 -405 1096 1735
252 -262 -405 1012 1731
249 -307 -405 934 1731
247 -293 -403 853 1729
244 -208 -401 772 1726
243 -75 -401 754 1730
243 46 -401 791 1732
244 132 -401 844 1728
245 172 -401 908 1733
247 172 -401 948 1728
248 136 -401 1002 1738
249 82 -401 1031 1739
250 7 -401 1021 1733
249 -45 -401 983 1730
249 -64 -401 932 1727
248 -42 -401 821 1732
248 51 -401 702 1730
250 245 -401 653 1725
254 461 -408 672 1725
259 627 -418 786 1720
265 702 -428 930 1726
272 675 -437 1087 1725
278 548 -442 1235 1733
283 334 -445 1260 1748
285 122 -446 1152 1735
285 -28 -445 1215 1730
284 -186 -445 1344 1740
281 -403 -445 1237 1736
276 -634 -438 1148 1732
269 -705 -429 985 1726
262 -634 -421 682 1724
257 -444 -418 598 1718
254 -155 -417 621 1731
254 70 -417 733 1727
255 175 -417 853 1731
257 204 -417 937 1732
259 194 -417 929 1734
261 200 -417 921 1729
263 217 -419 913 1732
265 248 -422 901 1730
268 268 -426 948 1732
271 266 -430 987 1735
273 236 -433 1025 1735
275 191 -435 1066 1731
277 99 -435 1097 1737
277 -2 -435 1113 1739
276 -99 -435 1126 1736
275 -219 -435 1121 1738
272 -329 -435 1101 1737
268 -405 -431 1052 1731
264 -468 -425 990 1729
259 -474 -420 922 1727
255 -425 -415 807 1730
251 -301 -412 727 1725
249 -123 -411 664 1723
249 75 -411 661 1724
251 245 -411 712 1729
254 383 -411 786 1723
258 458 -416 871 1733
263 490 -422 933 1725
267 467 -429 1034 1733
272 386 -433 1107 1729
275 261 -435 1174 1740
277 98 -436 1195 1740
277 -56 -435 1184 1740
275 -205 -435 1149 1739
273 -316 -435 1086 1735
269 -389 -434 1028 1732
265 -421 -429 1009 1728
261 -397 -423 907 1729
258 -321 -420 807 1726
255 -186 -419 733 1732
254 -2 -419 733 1726
255 123 -419 790 1729
257 202 -419 872 1727
259 242 -419 924 1734
261 232 -419 973 1736
263 203 -420 1017 1734
265 149 -422 1032 1735
266 83 -422 1044 1733
267 24 -422 1045 1733
267 -35 -422 1023 1733
266 -75 -422 1002 1736
265 -100 -422 975 1739
264 -107 -422 941 1733
263 -86 -422 925 1730
262 -75 -422 928 1730
262 -60 -422 945 1735
261 -62 -422 976 1736
260 -85 -422 994 1735
259 -125 -422 1001 1734
258 -161 -422 977 1729
256 -173 -420 953 1733
254 -165 -418 899 1733
253 -126 -417 861 1731
252 -63 -416 831 1725
252 13 -416 825 1725
252 98 -416 829 1727
254 154 -416 858 1732
256 219 -416 884 1732
258 244 -416 911 1733
260 263 -417 947 1737
263 259 -421 949 1733
265 257 -424 953 1731
268 259 -428 969 1733
270 237 -430 983 1734
272 211 -433 1009 1735
274 178 -435 1028 1736
276 123 -437 1052 1733
277 59 -437 1069 1733
277 -18 -437 1069 1736
276 -91 -437 1070 1737
275 -151 -437 1057 1734
273 -212 -437 1045 1736
271 -271 -437 1026 1735
268 -305 -434 993 1732
265 -329 -430 976 1732
262 -329 -426 941 1733
259 -319 -422 914 1732
256 -274 -419 872 1726
253 -228 -417 847 1731
251 -151 -415 847 1730
250 -89 -415 854 1732
250 -33 -415 863 1731
250 18 -415 875 1730
250 54 -415 871 1730
251 93 -415 877 1729
252 132 -415 895 1734
253 151 -415 911 1733
255 172 -415 931 1777
256 176 -415 937 1779
258 183 -415 936 1772
260 190 -417 934 1775
262 199 -420 932 1731
264 212 -422 941 1731
266 202 -425 969 1733
268 194 -428 999 1735
269 160 -429 1014 1730
271 108 -430 1036 1731
272 53 -430 1043 1738
272 -5 -430 1033 1737
271 -49 -430 1027 1733
271 -101 -430 1024 1727
269 -150 -430 1033 1735
268 -196 -430 1032 1733
266 -241 -430 1025 1734
263 -289 -429 1010 1735
260 -320 -424 984 1727
256 -341 -420 961 1730
253 -339 -415 930 1730
250 -329 -411 907 1731
247 -299 -408 874 1729
244 -245 -405 836 1728
242 -169 -403 799 1727
241 -74 -403 784 1728
241 28 -403 790 1736
242 126 -403 795 1731
243 200 -403 826 1729
246 277 -403 848 1728
249 322 -404 895 1733
252 351 -408 918 1729
255 353 -412 943 1733
259 348 -417 969 1733
262 328 -421 971 1734
265 292 -424 1023 1734
267 222 -427 1059 1734
269 145 -429 1083 1740
270 60 -429 1099 1740
270 -34 -429 1091 1738
269 -130 -429 1079 1741
267 -213 -429 1059 1732
265 -268 -429 1039 1736
262 -317 -428 1004 1734
259 -349 -423 983 1734
255 -356 -419 939 1723
252 -350 -414 901 1728
249 -302 -411 847 1725
246 -236 -408 798 1727
244 -130 -407 769 1728
244 -10 -408 766 1727
244 104 -408 777 1734
246 207 -408 818 1732
248 282 -408 855 1730
251 326 -408 893 1725
255 339 -413 942 1732
258 327 -417 979 1732
261 292 -420 1015 1734
263 241 -423 1042 1740
266 173 -425 1064 1736
267 89 -425 1075 1740
267 5 -425 1075 1736
267 -78 -425 1073 1736
266 -157 -425 1064 1733
264 -230 -425 1051 1740
261 -288 -425 1027 1732
258 -330 -423 984 1728
255 -345 -419 958 1732
251 -345 -414 919 1727
248 -335 -410 893 1727
245 -296 -407 870 1728
242 -226 -404 803 1731
241 -131 -403 774 1729
240 -8 -403 770 1731
241 97 -403 772 1726
242 196 -403 805 1730
244 269 -403 835 1728
247 320 -404 878 1730
250 347 -408 911 1733
254 356 -412 955 1729
257 328 -417 993 1730
260 288 -420 1029 1738
263 226 -422 1054 1738
265 154 -424 1077 1736
266 57 -424 1088 1739
266 -30 -424 1084 1738
265 -110 -424 1072 1737
263 -184 -424 1057 1735
261 -260 -424 1027 1733
258 -305 -424 1001 1735
255 -328 -420 978 1732
252 -343 -416 940 1731
249 -336 -411 910 1732
245 -311 -408 911 1730
243 -249 -405 874 1727
241 -177 -403 844 1729
239 -87 -403 786 1724
239 25 -403 783 1729
240 122 -403 783 1731
242 221 -403 793 1726
244 298 -403 816 1725
247 364 -405 866 1726
251 397 -411 906 1733
255 415 -416 949 1729
259 400 -420 991 1736
263 365 -425 1022 1734
266 305 -429 1051 1737
269 230 -431 1067 1733
271 148 -433 1082 1735
272 69 -434 1084 1738
272 -15 -434 1071 1738
272 -86 -434 1069 1736
270 -145 -434 1052 1735
269 -208 -434 1040 1734
266 -270 -434 1020 1733
263 -297 -431 992 1733
260 -321 -428 977 1733
257 -337 -424 957 1729
254 -338 -419 949 1732
251 -332 -415 932 1727
247 -324 -411 920 1730
244 -306 -407 893 1727
241 -287 -403 915 1735
238 -274 -399 910 1728
236 -270 -396 914 1727
233 -256 -393 921 1733
231 -266 -389 923 1734
228 -259 -385 924 1735
225 -275 -382 931 1734
222 -286 -378 928 1731
220 -294 -374 925 1728
217 -312 -370 919 1730
214 -317 -365 909 1732
210 -324 -361 912 1730
207 -329 -356 902 1728
204 -333 -352 885 1725
201 -328 -347 886 1729
198 -325 -344 879 1736
194 -316 -339 873 1727
191 -300 -335 860 1728
188 -290 -332 861 1732
186 -281 -328 861 1728
183 -260 -325 856 1727
181 -254 -322 853 1726
178 -236 -318 857 1724
176 -247 -315 850 1725
173 -247 -311 866 1728
171 -249 -308 865 1732
169 -252 -305 875 1729
166 -266 -301 863 1723
163 -274 -297 865 1722
160 -287 -293 856 1723
158 -294 -289 859 1724
155 -301 -286 856 1723
152 -311 -281 857 1768
149 -319 -277 848 1765
145 -328 -272 837 1765
142 -334 -268 839 1765
139 -335 -263 825 1719
136 -340 -259 821 1721
132 -336 -254 827 1718
129 -334 -250 816 1719
126 -338 -245 810 1715
122 -340 -241 811 1715
119 -332 -236 786 1715
116 -339 -232 796 1713
113 -321 -227 797 1716
109 -323 -223 788 1715
106 -316 -219 782 1715
103 -305 -215 772 1705
100 -294 -211 766 1709
98 -283 -208 761 1707
95 -264 -204 764 1709
92 -257 -200 763 1709
90 -245 -197 770 1710
88 -246 -194 768 1709
85 -236 -191 763 1707
83 -230 -188 756 1709
81 -229 -185 752 1703
79 -211 -182 762 1707
76 -214 -179 759 1704
74 -217 -177 759 1706
72 -203 -174 752 1702
70 -201 -171 748 1702
68 -201 -169 745 1703
67 -182 -166 743 1699
65 -180 -163 746 1703
63 -174 -161 748 1703
61 -190 -159 748 1701
60 -180 -157 744 1701
58 -183 -154 743 1700
56 -175 -152 737 1702
54 -169 -150 725 1703
53 -166 -148 728 1698
51 -161 -145 735 1698
50 -156 -143 733 1699
48 -156 -141 737 1698
47 -153 -139 735 1696
45 -162 -138 739 1693
44 -160 -135 735 1694
42 -167 -133 736 1696
40 -166 -131 737 1697
39 -172 -129 728 1696
37 -169 -126 721 1692
35 -171 -124 723 1698
34 -166 -122 717 1688
32 -172 -120 723 1691
31 -172 -117 722 1689
29 -178 -115 725 1693
27 -180 -113 716 1687
25 -184 -111 705 1689
24 -172 -108 694 1687
22 -167 -106 688 1686
21 -153 -104 684 1690
19 -128 -103 685 1688
18 -118 -100 684 1692
17 -104 -99 688 1689
16 -102 -98 691 1684
15 -86 -97 692 1689
14 -82 -96 699 1685
13 -87 -95 705 1690
13 -91 -94 703 1687
12 -83 -93 704 1671
11 -92 -92 703 1687
10 -97 -90 700 1685
9 -93 -89 701 1686
8 -96 -88 704 1687
7 -103 -86 703 1684
6 -109 -85 707 1683
5 -112 -84 711 1679
4 -124 -81 715 1681
3 -147 -79 710 1684
1 -162 -77 702 1680
0 -172 -76 698 1680
-1 -174 -74 688 1680
-3 -170 -71 676 1685
-4 -170 -69 673 1677
-6 -157 -67 674 1678
-7 -155 -65 669 1676
-9 -145 -63 663 1684
-10 -137 -61 672 1675
-11 -135 -60 674 1676
-13 -133 -58 672 1678
-14 -132 -56 676 1677
-15 -127 -54 666 1671
-16 -130 -53 664 1676
-18 -99 -52 546 1663
-18 -24 -53 651 1676
-18 12 -52 706 1670
-18 -9 -52 693 1682
-18 -21 -52 721 1677
-18 -4 -52 659 1672
-18 5 -52 664 1679
-18 -9 -52 664 1672
-18 5 -52 678 1669
-18 3 -52 665 1671
-18 -5 -52 664 1673
-18 -3 -52 668 1673
-18 2 -52 671 1674
-18 3 -52 671 1673
-18 -2 -52 671 1677
-18 -5 -52 674 1675
-18 2 -52 667 1672
-18 2 -52 673 1671
-18 -7 -52 667 1673
-19 -2 -52 663 1670
-19 0 -52 669 1669
-18 0 -52 670 1675
-18 3 -52 671 1676
-18 0 -52 670 1675
-18 4 -52 668 1671
-18 3 -52 673 1674
-18 0 -52 670 1669
-18 0 -52 669 1670
-18 5 -52 664 1666
-18 11 -52 665 1674
-18 11 -52 664 1676
-18 14 -52 661 1672
-18 17 -52 663 1678
-18 22 -53 635 1673
-17 45 -53 618 1671
-17 89 -53 606 1675
-16 143 -53 601 1669
-14 179 -53 621 1671
-12 213 -53 644 1675
-10 230 -54 645 1675
-8 258 -57 636 1680
-5 288 -61 614 1673
-2 340 -66 613 1673
0 377 -70 614 1680
5 423 -76 631 1680
9 474 -83 636 1676
14 505 -90 657 1677
19 542 -97 671 1682
24 565 -104 673 1685
30 592 -112 680 1684
36 611 -121 688 1684
42 632 -130 706 1685
48 644 -138 726 1690
54 645 -147 735 1692
61 645 -157 745 1695
67 648 -165 753 1696
74 655 -175 752 1698
80 663 -182 755 1693
86 668 -192 767 1699
93 668 -201 782 1701
100 664 -210 798 1695
106 656 -219 816 1703
112 643 -227 824 1708
118 622 -236 837 1714
124 605 -244 835 1752
130 582 -251 839 1757
136 577 -259 832 1756
141 573 -267 834 1761
147 571 -275 842 1721
153 566 -283 862 1720
158 567 -291 853 1715
164 554 -299 867 1722
170 554 -306 863 1722
175 553 -314 867 1720
180 551 -320 859 1721
186 557 -328 878 1723
191 557 -336 885 1723
197 560 -344 892 1724
202 549 -351 899 1727
207 542 -359 916 1723
213 537 -365 918 1723
218 525 -373 927 1727
223 518 -380 925 1727
228 513 -387 914 1725
233 515 -394 923 1728
238 518 -401 931 1727
243 520 -408 943 1723
249 514 -416 963 1727
254 495 -422 977 1727
258 479 -428 989 1731
263 463 -435 977 1722
267 438 -440 987 1731
271 430 -446 974 1729
276 425 -452 979 1730
280 421 -458 986 1723
284 425 -463 1007 1733
288 400 -468 1018 1730
292 380 -474 1017 1732
295 343 -478 1036 1733
299 322 -483 1036 1730
302 311 -486 1012 1733
305 281 -490 1027 1731
308 276 -494 1038 1729
310 253 -498 1031 1735
313 227 -500 1051 1731
315 211 -503 1056 1732
317 174 -506 1057 1732
318 142 -507 1078 1734
319 107 -508 1063 1728
320 63 -509 1075 1734
321 37 -509 1077 1731
321 -7 -509 1075 1735
320 -46 -509 1072 1733
320 -78 -509 1074 1731
319 -109 -509 1067 1732
318 -148 -509 1058 1729
316 -178 -509 1057 1732
314 -204 -509 1062 1735
312 -230 -507 1042 1733
310 -243 -504 1023 1731
307 -269 -500 1038 1733
304 -282 -497 1026 1729
301 -302 -493 1028 1732
298 -322 -488 1021 1717
295 -337 -484 1013 1731
291 -355 -479 1013 1733
288 -363 -474 1011 1732
284 -378 -469 998 1728
280 -394 -464 995 1725
276 -403 -459 994 1732
272 -416 -453 986 1726
268 -431 -447 988 1731
264 -448 -441 983 1728
259 -459 -435 972 1732
255 -467 -428 965 1728
250 -473 -422 948 1727
245 -472 -416 942 1730
241 -478 -410 933 1728
236 -472 -403 924 1725
231 -472 -397 929 1732
227 -470 -390 921 1728
222 -474 -383 917 1727
218 -476 -378 921 1727
213 -474 -371 921 1725
208 -484 -364 908 1723
203 -497 -357 907 1727
198 -503 -351 911 1729
193 -511 -343 904 1726
188 -524 -336 889 1722
183 -531 -329 889 1723
178 -539 -322 876 1730
172 -536 -315 860 1719
167 -543 -307 857 1719
161 -530 -300 852 1723
156 -532 -292 837 1719
151 -515 -285 832 1716
146 -519 -279 871 1723
141 -503 -272 861 1717
136 -507 -265 854 1715
131 -486 -258 818 1717
126 -486 -251 809 1713
122 -481 -245 804 1715
117 -470 -238 798 1714
113 -467 -233 788 1709
108 -462 -227 787 1709
103 -451 -221 779 1701
99 -437 -215 772 1707
94 -433 -208 773 1709
91 -423 -204 767 1710
86 -411 -198 763 1707
82 -395 -192 755 1704
79 -393 -188 760 1704
75 -385 -182 757 1701
71 -380 -177 750 1702
68 -376 -172 745 1701
64 -364 -168 746 1705
60 -357 -163 740 1701
57 -355 -158 739 1702
54 -346 -153 740 1697
50 -342 -149 736 1696
47 -345 -144 730 1693
44 -335 -140 724 1692
41 -334 -135 730 1695
37 -335 -131 724 1690
34 -328 -126 726 1693
31 -331 -123 725 1695
28 -328 -118 718 1688
24 -327 -114 704 1686
22 -318 -109 706 1690
18 -308 -106 696 1684
15 -300 -102 694 1682
12 -296 -97 697 1690
10 -288 -94 696 1689
7 -285 -90 692 1683
4 -280 -87 688 1692
1 -273 -83 680 1685
0 -259 -79 678 1685
-2 -253 -77 666 1680
-5 -234 -74 666 1676
-7 -224 -70 675 1676
-9 -213 -68 681 1678
-11 -219 -65 689 1674
-13 -232 -61 687 1680
-16 -229 -58 682 1676
-18 -235 -54 672 1671
-21 -237 -52 534 1706
-22 -142 -52 491 1650
-23 -16 -52 654 1668
-23 29 -52 656 1668
-23 -19 -52 642 1681
-23 -40 -52 699 1666
-23 0 -52 632 1671
-23 18 -52 665 1678
-23 0 -52 672 1674
-23 3 -52 674 1674
-23 9 -52 670 1672
-23 4 -52 669 1679
-23 6 -52 665 1673
-23 3 -52 672 1715
-23 13 -52 673 1714
-23 3 -52 664 1720
-23 0 -52 669 1676
-23 5 -52 664 1669
-23 9 -52 668 1668
-23 14 -52 667 1676
-22 8 -52 661 1675
-22 11 -52 667 1672
-22 18 -52 655 1673
-22 32 -52 627 1674
-21 67 -52 617 1677
-21 106 -52 617 1673
-19 144 -52 617 1671
-18 175 -52 644 1673
-16 206 -52 652 1674
-14 203 -53 657 1676
-12 220 -57 648 1673
-10 250 -60 638 1675
-7 282 -63 644 1669
-4 307 -67 642 1677
-1 342 -72 651 1681
1 358 -76 651 1680
5 396 -81 655 1680
9 418 -88 664 1686
13 452 -94 670 1680
17 464 -99 674 1683
22 491 -107 679 1683
27 516 -114 681 1685
32 537 -121 683 1686
38 563 -129 692 1687
43 588 -137 702 1699
49 617 -145 716 1693
56 633 -154 729 1691
62 645 -162 747 1693
68 651 -171 742 1702
74 657 -180 745 1693
80 660 -189 760 1704
87 668 -198 768 1704
94 672 -207 787 1704
101 661 -217 803 1702
107 656 -224 815 1709
113 650 -233 815 1705
120 643 -242 830 1711
126 635 -251 836 1714
132 621 -260 845 1715
138 599 -268 857 1716
144 588 -276 861 1716
150 575 -284 871 1716
156 550 -291 883 1721
161 524 -298 887 1723
166 519 -306 877 1723
171 515 -313 870 1726
176 519 -320 867 1722
181 515 -327 875 1722
186 522 -334 881 1722
191 525 -342 896 1724
196 520 -348 903 1724
202 500 -355 917 1728
207 487 -362 923 1726
211 477 -369 923 1729
216 464 -375 937 1730
220 453 -381 936 1727
225 442 -387 938 1725
229 433 -392 957 1731
233 403 -398 967 1728
237 377 -403 959 1730
240 357 -407 983 1740
244 322 -412 986 1726
247 293 -416 1000 1732
250 250 -419 998 1729
252 221 -421 1016 1732
254 172 -424 1028 1733
255 117 -425 1037 1736
256 61 -425 1042 1740
256 1 -425 1038 1736
256 -40 -425 1028 1737
256 -86 -425 1020 1734
254 -132 -425 1009 1734
253 -163 -425 1002 1736
251 -196 -425 987 1734
249 -216 -425 974 1731
247 -234 -422 965 1733
245 -236 -420 949 1731
242 -233 -417 947 1733
240 -236 -414 936 1735
238 -229 -411 928 1736
236 -213 -409 910 1727
234 -206 -407 909 1731
232 -182 -405 896 1731
230 -155 -402 886 1730
229 -124 -401 886 1730
228 -92 -401 881 1730
227 -65 -400 918 1737
227 -28 -400 923 1733
226 1 -400 935 1733
227 16 -400 903 1732
227 26 -400 912 1734
227 36 -400 915 1729
227 38 -400 915 1734
228 56 -400 910 1731
228 54 -400 910 1731
229 74 -400 908 1732
230 85 -400 910 1734
231 101 -400 913 1735
232 102 -400 918 1734
233 126 -400 918 1733
234 130 -400 925 1732
235 135 -401 932 1730
237 134 -402 937 1732
238 139 -404 941 1734
239 130 -406 947 1733
241 122 -407 948 1736
242 119 -408 963 1733
243 98 -409 972 1735
244 78 -410 975 1735
244 58 -411 978 1732
245 30 -411 979 1734
245 14 -411 977 1733
245 -9 -411 983 1736
245 -32 -411 986 1734
244 -62 -411 991 1732
243 -98 -411 996 1737
242 -132 -411 981 1734
241 -156 -411 977 1736
239 -167 -411 966 1732
238 -191 -411 959 1731
236 -205 -409 949 1732
234 -205 -407 944 1734
231 -212 -405 942 1736
229 -222 -401 937 1733
227 -220 -399 932 1733
225 -224 -396 925 1732
223 -227 -393 916 1730
221 -218 -390 905 1727
219 -204 -388 896 1730
217 -192 -385 885 1728
215 -166 -383 882 1729
213 -141 -382 873 1731
212 -116 -380 864 1728
211 -81 -380 854 1734
211 -43 -379 851 1728
210 -3 -379 857 1729
211 29 -379 855 1729
211 57 -379 853 1733
212 97 -379 862 1727
213 128 -379 873 1732
214 154 -379 879 1729
216 171 -379 894 1732
218 190 -379 906 1736
219 190 -381 914 1736
221 196 -383 915 1729
223 198 -385 923 1731
225 193 -388 930 1735
227 194 -390 934 1730
229 174 -392 957 1777
230 156 -394 968 1778
232 136 -396 973 1782
233 97 -397 981 1733
234 63 -397 981 1732
234 38 -397 984 1735
234 0 -397 985 1733
234 -27 -397 976 1732
234 -63 -397 978 1734
233 -80 -397 972 1736
232 -110 -397 972 1734
231 -137 -397 957 1730
229 -145 -397 959 1733
228 -167 -397 950 1732
226 -184 -397 937 1729
224 -194 -395 935 1730
222 -198 -393 929 1730
220 -199 -391 927 1732
218 -200 -388 922 1731
216 -197 -385 912 1732
215 -201 -383 912 1731
213 -192 -380 906 1729
211 -184 -378 900 1731
209 -188 -375 898 1729
207 -172 -373 892 1735
206 -161 -371 884 1732
204 -146 -370 872 1732
203 -117 -369 861 1727
202 -80 -368 858 1729
201 -51 -368 843 1728
201 -11 -368 846 1729
201 35 -368 851 1731
202 58 -368 852 1730
202 102 -368 852 1732
203 129 -368 852 1729
205 161 -368 864 1733
207 193 -368 872 1728
209 205 -368 890 1732
211 220 -370 904 1729
213 222 -372 913 1728
215 218 -375 928 1726
217 203 -378 933 1729
219 186 -380 948 1731
221 161 -381 960 1735
222 138 -383 970 1734
223 104 -384 969 1735
224 64 -384 978 1735
224 33 -384 980 1733
224 -5 -384 969 1727
224 -39 -384 977 1736
224 -68 -384 968 1732
223 -99 -384 967 1737
222 -119 -384 960 1729
221 -151 -384 953 1731
219 -168 -384 947 1736
217 -175 -384 938 1738
216 -188 -384 924 1732
214 -199 -382 921 1734
212 -196 -379 911 1727
210 -194 -377 907 1729
208 -203 -375 901 1732
206 -187 -373 886 1727
204 -167 -370 880 1731
203 -144 -369 866 1729
201 -123 -367 857 1729
200 -78 -366 849 1729
200 -49 -366 839 1727
200 -13 -366 836 1729
200 28 -366 852 1730
200 63 -366 844 1726
201 98 -366 855 1728
202 123 -366 861 1733
203 145 -366 869 1729
205 172 -366 884 1730
207 186 -366 891 1733
208 182 -368 908 1729
210 186 -369 914 1731
212 173 -371 918 1725
213 180 -373 928 1729
215 154 -374 942 1733
217 137 -376 955 1727
218 112 -378 966 1732
219 72 -378 981 1738
219 34 -378 979 1736
219 -3 -378 976 1733
219 -40 -378 970 1733
218 -66 -378 967 1734
218 -109 -378 958 1731
216 -128 -378 953 1731
215 -150 -378 944 1733
213 -173 -378 935 1724
212 -184 -378 921 1731
210 -182 -377 902 1733
208 -178 -375 943 1732
207 -167 -373 929 1730
205 -153 -372 928 1732
204 -136 -370 878 1731
202 -117 -369 865 1727
201 -84 -368 843 1729
201 -43 -368 828 1727
201 2 -368 839 1727
201 39 -368 842 1731
201 86 -368 845 1728
202 121 -368 849 1729
204 154 -368 863 1735
205 190 -368 866 1728
207 208 -368 883 1733
209 221 -370 909 1728
212 208 -372 929 1730
213 194 -374 926 1731
215 176 -376 956 1731
217 138 -378 982 1735
218 89 -378 996 1738
218 36 -378 1001 1734
219 -22 -378 994 1736
218 -62 -378 993 1729
217 -119 -378 979 1732
216 -151 -378 973 1731
214 -186 -378 962 1730
212 -212 -378 938 1734
210 -224 -378 903 1732
208 -213 -375 876 1728
206 -184 -373 843 1732
205 -128 -372 819 1724
204 -57 -372 804 1729
203 13 -372 809 1733
204 82 -372 808 1726
205 138 -372 824 1726
207 189 -372 846 1728
209 227 -372 881 1732
211 232 -372 909 1730
213 231 -375 934 1732
215 204 -377 972 1736
217 152 -379 992 1733
218 104 -379 1008 1733
219 41 -379 1020 1734
219 -25 -379 1018 1734
218 -90 -379 1014 1736
217 -152 -379 1004 1735
215 -216 -379 992 1733
213 -259 -379 979 1733
210 -289 -378 938 1723
207 -296 -374 904 1728
205 -282 -371 862 1724
202 -241 -368 818 1730
200 -172 -366 787 1726
199 -80 -366 769 1727
199 11 -366 772 1728
199 107 -366 775 1729
201 186 -366 791 1730
203 257 -366 812 1726
206 309 -366 858 1726
208 325 -371 888 1729
212 321 -374 939 1725
215 282 -378 982 1729
217 231 -380 1018 1780
219 164 -382 1048 1781
220 63 -382 1048 1783
220 -42 -382 1065 1737
219 -124 -382 1054 1740
218 -216 -382 1044 1743
215 -292 -382 1006 1734
212 -357 -380 968 1727
209 -370 -375 923 1730
205 -367 -371 847 1724
201 -299 -368 779 1725
199 -210 -365 747 1726
198 -91 -365 731 1728
198 37 -365 761 1726
198 106 -365 798 1725
200 173 -365 837 1726
202 206 -365 870 1727
204 209 -365 904 1727
206 209 -366 942 1727
207 170 -368 965 1737
209 117 -369 998 1733
210 52 -369 1009 1733
210 -12 -369 1003 1732
209 -80 -369 1000 1738
208 -136 -369 990 1729
207 -189 -369 981 1732
205 -234 -369 957 1727
202 -260 -368 910 1728
200 -250 -365 862 1729
197 -205 -363 805 1727
196 -126 -362 760 1730
195 -5 -362 739 1727
196 106 -362 747 1728
197 203 -362 774 1728
200 282 -362 822 1725
202 311 -363 864 1723
206 330 -367 904 1727
209 307 -371 951 1728
212 266 -374 987 1734
214 213 -376 1009 1735
216 144 -378 1034 1737
217 60 -378 1043 1733
217 -28 -378 1040 1734
216 -104 -378 1033 1734
215 -183 -378 1020 1732
213 -252 -378 1003 1737
210 -306 -378 972 1728
207 -341 -373 935 1730
203 -345 -369 884 1730
200 -318 -365 817 1731
197 -225 -363 758 1733
196 -110 -362 726 1725
195 12 -362 722 1725
196 124 -362 745 1724
198 210 -362 784 1728
200 277 -362 826 1727
203 326 -364 874 1731
206 338 -369 907 1726
209 324 -372 941 1729
213 290 -375 985 1736
215 237 -378 1017 1733
217 160 -380 1036 1729
218 69 -380 1056 1735
218 -9 -380 1052 1734
218 -107 -380 1041 1735
216 -188 -380 1023 1731
214 -256 -380 997 1737
211 -298 -380 969 1730
208 -322 -376 925 1729
205 -308 -372 866 1735
202 -272 -369 801 1726
200 -186 -368 763 1731
199 -82 -368 739 1724
198 44 -368 747 1723
199 127 -368 784 1729
201 195 -368 829 1729
203 244 -368 866 1729
206 260 -368 903 1731
208 252 -371 940 1731
211 224 -373 967 1730
212 184 -375 1004 1731
214 113 -376 1022 1732
215 29 -376 1033 1746
214 -53 -376 1036 1736
214 -124 -376 1019 1727
212 -184 -376 999 1736
210 -236 -376 972 1734
207 -268 -375 930 1731
205 -273 -373 883 1729
202 -239 -370 825 1728
200 -162 -369 780 1721
199 -78 -369 758 1734
199 27 -369 761 1725
200 126 -369 812 1728
201 202 -369 848 1734
204 266 -369 877 1730
206 300 -369 876 1725
209 309 -373 917 1730
212 290 -376 959 1730
215 249 -379 994 1734
217 186 -382 1026 1731
218 103 -383 1046 1735
219 23 -383 1054 1737
219 -71 -383 1044 1740
218 -150 -383 1022 1735
216 -207 -383 999 1734
213 -259 -383 958 1734
211 -267 -381 896 1729
208 -242 -379 836 1727
206 -176 -377 789 1732
205 -71 -377 750 1728
205 46 -377 753 1727
206 142 -377 790 1727
208 206 -377 846 1731
210 249 -377 878 1730
213 265 -378 911 1731
215 256 -381 951 1731
217 224 -383 984 1730
219 172 -385 1009 1734
221 103 -386 1020 1733
221 30 -386 1024 1735
221 -34 -386 1011 1736
221 -86 -386 994 1737
219 -127 -386 972 1734
218 -157 -386 951 1735
217 -165 -386 920 1733
215 -145 -386 891 1737
214 -126 -386 857 1726
213 -83 -386 847 1723
212 -27 -386 849 1727
212 22 -386 867 1731
212 43 -386 891 1732
213 49 -386 915 1732
213 50 -386 921 1734
214 49 -386 929 1736
214 42 -386 916 1733
215 53 -386 894 1734
215 69 -386 875 1729
216 107 -386 862 1732
217 149 -386 867 1727
219 174 -386 891 1725
221 190 -388 921 1731
223 182 -391 942 1741
224 171 -392 963 1735
226 146 -394 972 1736
227 111 -396 989 1735
228 72 -396 989 1732
228 19 -396 1011 1733
228 -26 -396 1009 1732
228 -73 -396 995 1739
227 -120 -396 986 1733
226 -147 -396 968 1735
224 -175 -396 951 1735
222 -178 -396 940 1735
220 -178 -396 917 1732
219 -172 -394 917 1776
217 -165 -392 909 1778
216 -158 -391 909 1773
214 -147 -389 911 1732
213 -144 -388 908 1732
211 -142 -385 912 1735
210 -139 -384 911 1733
208 -132 -382 911 1736
207 -141 -380 925 1731
206 -143 -379 916 1727
204 -149 -376 919 1730
203 -154 -374 920 1732
201 -165 -372 916 1732
200 -173 -370 920 1727
198 -187 -368 920 1734
196 -207 -365 916 1731
194 -213 -362 894 1730
192 -215 -359 904 1733
190 -222 -356 901 1728
187 -224 -353 891 1725
185 -221 -350 891 1724
183 -229 -347 890 1731
181 -221 -344 880 1725
179 -221 -341 881 1729
176 -223 -338 877 1728
174 -211 -336 887 1723
172 -214 -333 876 1727
170 -220 -330 874 1729
168 -213 -327 871 1724
166 -228 -324 876 1726
163 -221 -321 871 1728
161 -218 -318 866 1726
159 -231 -315 874 1728
157 -236 -311 873 1723
154 -249 -308 857 1717
152 -247 -305 852 1713
150 -242 -301 844 1723
147 -238 -298 838 1719
145 -227 -295 840 1721
143 -216 -292 841 1724
141 -220 -289 842 1723
139 -219 -286 837 1721
137 -216 -283 843 1729
134 -219 -281 839 1719
132 -219 -278 839 1720
130 -226 -274 831 1719
128 -220 -272 834 1719
126 -221 -269 837 1720
123 -230 -265 833 1715
121 -235 -263 820 1719
119 -230 -259 831 1722
116 -234 -256 827 1721
114 -247 -253 818 1719
112 -244 -249 816 1716
109 -247 -246 807 1713
107 -244 -243 807 1714
105 -250 -240 800 1716
102 -233 -237 795 1716
100 -227 -233 795 1711
98 -226 -231 802 1717
96 -207 -228 792 1718
93 -216 -226 793 1712
91 -219 -222 789 1709
89 -215 -220 789 1707
87 -213 -217 785 1712
85 -209 -214 782 1708
83 -205 -211 781 1712
81 -207 -209 785 1712
79 -203 -205 787 1711
77 -201 -203 780 1709
75 -206 -200 781 1710
73 -205 -198 773 1697
71 -213 -195 774 1705
69 -209 -192 766 1701
67 -209 -190 765 1705
65 -202 -186 760 1706
63 -197 -184 761 1708
61 -198 -181 765 1710
59 -193 -179 763 1707
57 -195 -176 762 1704
56 -197 -174 760 1704
54 -193 -172 754 1701
52 -200 -168 755 1703
50 -201 -166 750 1706
48 -197 -164 750 1699
46 -198 -161 759 1704
44 -199 -158 756 1701
42 -213 -155 753 1702
40 -214 -153 748 1700
38 -211 -149 742 1695
36 -216 -147 734 1693
34 -209 -144 733 1696
32 -213 -141 769 1704
30 -206 -138 775 1695
28 -207 -136 773 1695
25 -217 -132 767 1695
24 -210 -130 736 1703
21 -227 -127 730 1691
19 -226 -123 721 1693
17 -221 -121 727 1694
15 -227 -118 714 1688
13 -226 -115 711 1687
10 -223 -112 708 1687
8 -218 -109 713 1691
6 -216 -107 708 1690
4 -215 -103 709 1687
2 -218 -101 707 1688
0 -213 -98 702 1686
-1 -218 -95 702 1682
-3 -213 -92 697 1682
-5 -213 -90 694 1680
-7 -212 -86 690 1681
-9 -214 -84 691 1681
-11 -199 -81 686 1678
-13 -205 -79 689 1679
-15 -200 -76 691 1684
-17 -210 -73 686 1680
-19 -209 -71 689 1681
-21 -203 -68 682 1677
-23 -212 -65 678 1675
-25 -201 -62 678 1677
-27 -202 -60 672 1673
-29 -201 -57 672 1674
-31 -197 -54 668 1668
-33 -178 -53 450 1660
-34 -57 -53 617 1673
-34 10 -53 690 1673
-34 2 -53 632 1684
-34 -31 -53 663 1678
-35 -9 -53 686 1666
-35 13 -53 647 1678
-34 10 -53 660 1678
-34 0 -53 692 1668
-34 0 -53 660 1675
-34 4 -53 675 1675
-34 -2 -53 672 1674
-34 -3 -53 671 1672
-34 -4 -53 672 1671
-34 -4 -53 669 1672
-34 -12 -53 671 1674
-35 -4 -53 665 1672
-35 -2 -53 661 1672
-35 5 -53 668 1672
-35 -5 -53 665 1674
-35 9 -53 668 1672
-35 6 -53 673 1675
-34 7 -53 670 1674
-34 5 -53 672 1675
-34 7 -53 664 1672
-34 5 -53 670 1677
-34 1 -53 675 1673
-34 0 -53 672 1675
-34 1 -53 669 1673
-34 5 -53 673 1675
-34 0 -53 664 1671
-34 -11 -53 692 1716
-34 -13 -53 662 1713
-35 -12 -53 661 1716
-35 4 -53 679 1713
-35 -4 -53 663 1671
-35 -9 -53 674 1675
-35 2 -53 668 1670
-35 1 -53 666 1675
-35 -1 -53 675 1673
-35 -1 -53 671 1675
-35 -4 -53 656 1676
-35 -8 -53 671 1675
-35 2 -53 669 1674
-35 -3 -53 672 1672
-35 -1 -53 676 1676
-35 -1 -53 670 1680
-35 -5 -53 666 1676
-35 0 -53 672 1680
-35 -5 -53 669 1670
-35 -5 -53 670 1671
-35 0 -53 668 1670
-35 -1 -53 665 1669
-35 -1 -53 668 1671
-35 -1 -53 668 1670
-35 -4 -53 668 1670
-35 2 -53 670 1675
-35 -3 -53 668 1672
-35 0 -53 671 1674
-35 -9 -53 668 1673
-35 -3 -53 671 1675
-35 -3 -53 672 1671
-35 0 -53 671 1673
-35 5 -53 672 1676
-35 2 -53 671 1675
-35 11 -53 669 1677
-35 0 -53 673 1674
-35 6 -53 669 1673
-35 -5 -53 669 1673
-35 0 -53 670 1673
-35 0 -53 670 1674
-35 -5 -53 668 1675
-35 -2 -53 666 1671
-35 0 -53 667 1670
-35 0 -53 667 1671
-35 -6 -53 670 1672
-35 -5 -53 666 1670
-35 -5 -53 667 1667
-35 -5 -53 668 1674
-35 0 -53 666 1672
-35 -7 -53 670 1675
-35 0 -53 670 1672
-35 4 -53 667 1671
-35 -4 -53 668 1674
-35 0 -53 671 1674
-35 0 -53 670 1674
-35 -2 -53 669 1664
-35 -1 -53 671 1674
-35 0 -53 672 1673
-35 0 -53 669 1673
-35 0 -53 678 1676
-36 -11 -53 681 1675
-36 -12 -53 662 1675
-36 -13 -53 661 1675
-36 0 -53 671 1674
-36 0 -53 672 1673
-36 0 -53 669 1673
-36 -9 -53 669 1670
-36 -1 -53 668 1669
-36 -3 -53 668 1672
-36 -2 -53 668 1672
-36 0 -53 670 1671
-36 0 -53 665 1670
-36 2 -53 668 1668
-36 -3 -53 661 1672
-36 0 -53 662 1669
-36 -1 -53 667 1671
-36 0 -53 667 1670
-36 -2 -53 673 1670
-36 -5 -52 678 1674
-36 -13 -52 673 1672
-37 -24 -51 668 1670
-37 -20 -51 665 1670
-37 -7 -50 661 1673
-37 -6 -50 659 1670
-37 -3 -50 667 1671
-37 -1 -50 669 1674
-37 -2 -50 665 1674
-37 -6 -50 668 1674
-37 -6 -50 668 1671
-37 2 -50 670 1675
-37 -2 -50 667 1673
-37 0 -50 671 1675
-37 2 -50 670 1674
-37 0 -50 667 1672
-37 2 -50 669 1673
-37 -3 -50 667 1673
-37 -2 -50 699 1672
-37 0 -50 701 1675
-37 1 -50 698 1669
-37 -1 -50 666 1669
-37 -6 -50 665 1672
-37 -2 -50 667 1671
-37 0 -50 670 1671
-37 -2 -50 664 1668
-37 0 -50 665 1670
-37 0 -50 666 1669
-37 -4 -50 666 1669
-37 0 -50 666 1671
-38 -3 -50 666 1669
-37 -3 -50 667 1674
-38 -3 -50 671 1675
-38 -6 -50 670 1672
-38 -6 -50 672 1673
-38 5 -50 667 1674
-38 3 -50 669 1676
-38 -3 -50 670 1675
-38 0 -50 670 1677
-38 0 -50 669 1673
-38 0 -50 670 1674
-38 0 -50 667 1670
-38 0 -50 670 1674
-38 4 -50 670 1675
-38 -1 -50 668 1671
-38 0 -50 666 1671
-38 -4 -50 666 1670
-38 -7 -50 667 1671
-38 0 -50 665 1670
-38 9 -50 665 1669
-38 -5 -50 669 1671
-38 -2 -50 666 1672
-38 0 -50 669 1672
-38 -5 -50 665 1670
-38 1 -50 666 1671
-38 -6 -50 665 1672
-38 2 -50 666 1670
-38 -2 -50 669 1675
-38 1 -50 667 1671
-38 -2 -50 667 1674
-38 2 -50 667 1669
-38 -1 -50 673 1676
-38 0 -50 665 1672
-38 1 -50 662 1671
-38 -4 -50 670 1673
-38 -1 -50 668 1671
-38 -2 -50 670 1672
-38 -4 -50 668 1670
-38 3 -50 664 1670
-38 2 -50 666 1669
-38 0 -50 667 1672
-38 -10 -50 669 1676
-38 3 -50 667 1672
-38 0 -50 669 1672
-38 0 -50 669 1672
-38 0 -50 668 1671
-38 -4 -50 667 1672
-38 2 -50 670 1676
-38 0 -50 668 1673
-38 -1 -50 669 1673
-38 -3 -50 667 1671
-38 -1 -50 667 1676
-38 0 -50 667 1711
-38 -2 -50 669 1716
-38 -7 -50 670 1712
-38 0 -50 667 1675
-38 -5 -50 669 1678
-38 -4 -50 666 1669
-38 5 -50 670 1675
-38 -5 -50 672 1672
-38 0 -50 669 1672
-38 -5 -50 665 1672
-38 -1 -50 672 1674
-38 1 -50 670 1671
-38 -1 -50 671 1674
-38 5 -50 669 1674
-38 1 -50 667 1674
-38 -1 -50 669 1675
-38 -3 -50 664 1674
-39 2 -50 674 1676
-39 -2 -50 665 1673
-39 -5 -50 671 1676
-39 0 -50 663 1671
-39 -1 -50 668 1672
-39 -1 -50 668 1669
-39 1 -50 667 1670
-39 -5 -50 668 1672
-39 3 -50 665 1670
-39 -5 -50 671 1675
